0 0 1.84126
0 1 -0.423401
0 2 -0.876785
0 3 -0.118503
0 4 -0.420695
1 0 -0.423401
1 1 1.83932
1 3 -0.866648
1 8 -0.426414
1 9 -0.120963
2 0 -0.876785
2 2 3.799
2 3 -0.924065
2 4 -0.115523
2 5 -0.918671
2 10 -0.841907
2 13 -0.118516
3 0 -0.118503
3 1 -0.866648
3 2 -0.924065
3 3 3.82763
3 9 -0.963028
3 13 -0.871934
3 14 -0.0798415
4 0 -0.420695
4 2 -0.115523
4 4 1.84371
4 5 -0.887296
4 15 -0.418331
5 2 -0.918671
5 4 -0.887296
5 5 3.76176
5 6 -0.848066
5 10 -0.141119
5 15 -0.147529
5 16 -0.815495
6 5 -0.848066
6 6 3.74668
6 7 -0.829282
6 10 -0.866496
6 11 -0.0727525
6 16 -0.23498
6 17 -0.891822
7 6 -0.829282
7 7 3.76164
7 11 -1.0408
7 12 -0.115606
7 17 -0.201612
7 18 -0.774013
7 19 -0.797331
8 1 -0.426414
8 8 1.852
8 9 -0.875686
8 21 -0.444378
8 22 -0.103587
9 1 -0.120963
9 3 -0.963028
9 8 -0.875686
9 9 3.83185
9 14 -0.8765
9 22 -0.921376
9 23 -0.070648
10 2 -0.841907
10 5 -0.141119
10 6 -0.866496
10 10 3.78213
10 11 -0.847358
10 13 -0.963464
10 24 -0.118526
11 6 -0.0727525
11 7 -1.0408
11 10 -0.847358
11 11 3.85886
11 12 -0.76985
11 24 -1.00665
11 26 -0.11853
12 7 -0.115606
12 11 -0.76985
12 12 3.84097
12 19 -1.04755
12 20 -0.732808
12 25 -0.118531
12 26 -1.05405
13 2 -0.118516
13 3 -0.871934
13 10 -0.963464
13 13 3.78206
13 14 -0.880292
13 24 -0.796216
13 27 -0.148349
14 3 -0.0798415
14 9 -0.8765
14 13 -0.880292
14 14 3.82693
14 23 -1.02619
14 27 -0.828379
14 28 -0.132345
15 4 -0.418331
15 5 -0.147529
15 15 1.8208
15 16 -0.831019
15 29 -0.422004
16 5 -0.815495
16 6 -0.23498
16 15 -0.831019
16 16 3.70882
16 17 -0.758249
16 29 -0.14126
16 30 -0.924211
17 6 -0.891822
17 7 -0.201612
17 16 -0.758249
17 17 3.70745
17 18 -0.814463
17 30 -0.166701
17 31 -0.871238
18 7 -0.774013
18 17 -0.814463
18 18 3.69372
18 19 -0.260612
18 31 -0.13357
18 32 -0.899403
18 34 -0.808428
19 7 -0.797331
19 12 -1.04755
19 18 -0.260612
19 19 3.70436
19 20 -0.184633
19 34 -0.660702
19 35 -0.750745
20 12 -0.732808
20 19 -0.184633
20 20 3.79135
20 25 -1.10789
20 33 -0.118529
20 35 -0.841321
20 36 -0.803717
21 8 -0.444378
21 21 1.84347
21 22 -0.857523
21 37 -0.424227
21 38 -0.115435
22 8 -0.103587
22 9 -0.921376
22 21 -0.857523
22 22 3.77612
22 23 -0.824282
22 38 -0.900174
22 39 -0.165526
23 9 -0.070648
23 14 -1.02619
23 22 -0.824282
23 23 3.7824
23 28 -0.752076
23 39 -0.885417
23 40 -0.220498
24 10 -0.118526
24 11 -1.00665
24 13 -0.796216
24 24 3.89033
24 26 -0.84335
24 27 -1.08563
24 41 -0.0369835
25 12 -0.118531
25 20 -1.10789
25 25 3.98535
25 26 -0.723739
25 33 -0.806188
25 42 -1.22703
26 11 -0.11853
26 12 -1.05405
26 24 -0.84335
26 25 -0.723739
26 26 3.78733
26 41 -0.866497
26 42 -0.178445
27 13 -0.148349
27 14 -0.828379
27 24 -1.08563
27 27 3.86025
27 28 -0.901026
27 41 -0.863504
27 44 -0.0302787
28 14 -0.132345
28 23 -0.752076
28 27 -0.901026
28 28 3.74896
28 40 -0.934508
28 43 -0.182561
28 44 -0.843303
29 15 -0.422004
29 16 -0.14126
29 29 1.82525
29 30 -0.840982
29 47 -0.419105
30 16 -0.924211
30 17 -0.166701
30 29 -0.840982
30 30 3.74222
30 31 -0.818446
30 47 -0.147519
30 48 -0.840738
31 17 -0.871238
31 18 -0.13357
31 30 -0.818446
31 31 3.74217
31 32 -0.807488
31 48 -0.183448
31 49 -0.924651
32 18 -0.899403
32 31 -0.807488
32 32 3.81029
32 34 -0.0729284
32 49 -0.170992
32 50 -1.04855
32 51 -0.807935
33 20 -0.118529
33 25 -0.806188
33 33 3.90594
33 36 -1.16998
33 42 -0.00730637
33 45 -0.953949
33 46 -0.0493904
33 52 -0.797832
34 18 -0.808428
34 19 -0.660702
34 32 -0.0729284
34 34 3.73236
34 35 -0.458416
34 51 -1.13204
34 53 -0.597087
35 19 -0.750745
35 20 -0.841321
35 34 -0.458416
35 35 3.65984
35 36 -0.0820252
35 53 -0.793861
35 54 -0.730913
36 20 -0.803717
36 33 -1.16998
36 35 -0.0820252
36 36 3.884
36 52 -0.118523
36 54 -0.920052
36 55 -0.787387
37 21 -0.424227
37 37 1.87565
37 38 -0.933478
37 57 -0.441717
37 58 -0.0743426
38 21 -0.115435
38 22 -0.900174
38 37 -0.933478
38 38 3.83794
38 39 -0.900906
38 58 -0.914752
38 59 -0.0695843
39 22 -0.165526
39 23 -0.885417
39 38 -0.900906
39 39 3.80709
39 40 -0.868144
39 59 -0.919101
39 60 -0.0646746
40 23 -0.220498
40 28 -0.934508
40 39 -0.868144
40 40 3.81544
40 43 -0.862159
40 60 -0.923704
40 61 -0.00339622
41 24 -0.0369835
41 26 -0.866497
41 27 -0.863504
41 41 3.87213
41 42 -0.777955
41 44 -1.16058
41 62 -0.163768
42 25 -1.22703
42 26 -0.178445
42 33 -0.00730637
42 41 -0.777955
42 42 3.8976
42 45 -0.832129
42 62 -0.872049
43 28 -0.182561
43 40 -0.862159
43 43 3.83612
43 44 -0.769463
43 61 -1.14014
43 63 -0.0608993
43 64 -0.81812
44 27 -0.0302787
44 28 -0.843303
44 41 -1.16058
44 43 -0.769463
44 44 3.81918
44 62 -0.756754
44 64 -0.255865
45 33 -0.953949
45 42 -0.832129
45 45 4.00132
45 46 -0.795359
45 62 -0.0117034
45 65 -1.31564
45 66 -0.0901341
46 33 -0.0493904
46 45 -0.795359
46 46 3.89445
46 52 -0.854752
46 66 -1.29059
46 67 -0.686712
46 68 -0.215396
47 29 -0.419105
47 30 -0.147519
47 47 1.82152
47 48 -0.854415
47 69 -0.398593
48 30 -0.840738
48 31 -0.183448
48 47 -0.854415
48 48 3.70857
48 49 -0.817569
48 69 -0.177664
48 70 -0.831171
49 31 -0.924651
49 32 -0.170992
49 48 -0.817569
49 49 3.75212
49 50 -0.75762
49 70 -0.141759
49 71 -0.936364
50 32 -1.04855
50 49 -0.75762
50 50 3.823
50 51 -0.0747452
50 56 -0.810744
50 71 -0.165132
50 72 -0.963307
51 32 -0.807935
51 34 -1.13204
51 50 -0.0747452
51 51 3.81085
51 53 -0.209986
51 56 -0.831455
51 73 -0.751918
52 33 -0.797832
52 36 -0.118523
52 46 -0.854752
52 52 3.80841
52 55 -1.20411
52 67 -0.428841
52 74 -0.167708
52 75 -0.234247
53 34 -0.597087
53 35 -0.793861
53 51 -0.209986
53 53 3.60365
53 54 -0.490745
53 73 -0.853372
53 76 -0.656141
54 35 -0.730913
54 36 -0.920052
54 53 -0.490745
54 54 3.69223
54 55 -0.0718935
54 76 -0.775765
54 77 -0.700546
55 36 -0.787387
55 52 -1.20411
55 54 -0.0718935
55 55 4.03535
55 75 -1.16532
55 77 -0.80495
56 50 -0.810744
56 51 -0.831455
56 56 3.67227
56 72 -0.219745
56 73 -0.225024
56 78 -0.769971
56 79 -0.812575
57 37 -0.441717
57 57 1.88536
57 58 -0.936905
57 80 -0.443313
57 81 -0.0615529
58 37 -0.0743426
58 38 -0.914752
58 57 -0.936905
58 58 3.87696
58 59 -0.922969
58 81 -0.962837
58 83 -0.0615816
59 38 -0.0695843
59 39 -0.919101
59 58 -0.922969
59 59 3.8836
59 60 -0.908538
59 82 -0.0616082
59 83 -0.998506
60 39 -0.0646746
60 40 -0.923704
60 59 -0.908538
60 60 3.89323
60 61 -0.893484
60 82 -1.03816
60 84 -0.0616328
61 40 -0.00339622
61 43 -1.14014
61 60 -0.893484
61 61 3.98385
61 63 -0.799881
61 84 -1.08262
61 85 -0.0616555
62 41 -0.163768
62 42 -0.872049
62 44 -0.756754
62 45 -0.0117034
62 62 3.65215
62 64 -0.730442
62 65 -0.820021
62 87 -0.294256
63 43 -0.0608993
63 61 -0.799881
63 63 3.9488
63 64 -1.12898
63 85 -1.13294
63 86 -0.0616765
63 88 -0.762078
64 43 -0.81812
64 44 -0.255865
64 62 -0.730442
64 63 -1.12898
64 64 3.78632
64 87 -0.789398
64 88 -0.060943
65 45 -1.31564
65 62 -0.820021
65 65 3.84313
65 66 -0.540086
65 87 -0.60287
65 90 -0.562642
66 45 -0.0901341
66 46 -1.29059
66 65 -0.540086
66 66 3.79692
66 68 -0.484266
66 89 -0.572233
66 90 -0.817729
67 46 -0.686712
67 52 -0.428841
67 67 3.83274
67 68 -0.812715
67 74 -1.30274
67 93 -0.599889
68 46 -0.215396
68 66 -0.484266
68 67 -0.812715
68 68 3.67916
68 89 -0.807872
68 91 -0.946206
68 93 -0.384215
68 94 -0.026138
69 47 -0.398593
69 48 -0.177664
69 69 1.80321
69 70 -0.846654
69 95 -0.378443
70 48 -0.831171
70 49 -0.141759
70 69 -0.846654
70 70 3.70664
70 71 -0.820365
70 95 -0.220643
70 96 -0.84253
71 49 -0.936364
71 50 -0.165132
71 70 -0.820365
71 71 3.70065
71 72 -0.789126
71 96 -0.222188
71 97 -0.76426
72 50 -0.963307
72 56 -0.219745
72 71 -0.789126
72 72 3.6601
72 79 -0.749498
72 97 -0.271715
72 98 -0.663746
73 51 -0.751918
73 53 -0.853372
73 56 -0.225024
73 73 3.85613
73 76 -0.0252213
73 78 -1.21325
73 100 -0.784827
74 52 -0.167708
74 67 -1.30274
74 74 4.02214
74 75 -0.830304
74 92 -1.02612
74 93 -0.113478
74 101 -0.580093
75 52 -0.234247
75 55 -1.16532
75 74 -0.830304
75 75 3.94551
75 77 -0.130356
75 101 -0.639783
75 102 -0.943878
76 53 -0.656141
76 54 -0.775765
76 73 -0.0252213
76 76 3.84304
76 77 -0.577106
76 100 -1.31718
76 103 -0.489482
77 54 -0.700546
77 55 -0.80495
77 75 -0.130356
77 76 -0.577106
77 77 3.65173
77 102 -0.54004
77 103 -0.896713
78 56 -0.769971
78 73 -1.21325
78 78 4.02519
78 79 -0.0693014
78 99 -1.16649
78 100 -0.024191
78 105 -0.779538
79 56 -0.812575
79 72 -0.749498
79 78 -0.0693014
79 79 3.65419
79 98 -0.43954
79 99 -0.72878
79 106 -0.851809
80 57 -0.443313
80 80 1.89994
80 81 -0.950028
80 107 -0.460448
80 108 -0.0442421
81 57 -0.0615529
81 58 -0.962837
81 80 -0.950028
81 81 3.87707
81 83 -0.900031
81 108 -0.922387
81 109 -0.0766435
82 59 -0.0616082
82 60 -1.03816
82 82 3.92299
82 83 -0.921524
82 84 -0.906393
82 110 -0.0316523
82 111 -0.960566
83 58 -0.0615816
83 59 -0.998506
83 81 -0.900031
83 82 -0.921524
83 83 3.94484
83 109 -1.05278
83 111 -0.00713291
84 60 -0.0616328
84 61 -1.08262
84 82 -0.906393
84 84 3.8648
84 85 -0.795901
84 110 -0.891852
84 112 -0.123641
85 61 -0.0616555
85 63 -1.13294
85 84 -0.795901
85 85 3.95049
85 86 -0.758266
85 112 -1.13721
85 113 -0.0621557
86 63 -0.0616765
86 85 -0.758266
86 86 3.98853
86 88 -1.19045
86 113 -1.19498
86 114 -0.718891
86 115 -0.0621502
87 62 -0.294256
87 64 -0.789398
87 65 -0.60287
87 87 3.75056
87 88 -1.18624
87 90 -0.706718
87 116 -0.168663
88 63 -0.762078
88 64 -0.060943
88 86 -1.19045
88 87 -1.18624
88 88 3.98604
88 114 -0.0616958
88 116 -0.722526
89 66 -0.572233
89 68 -0.807872
89 89 3.77304
89 90 -0.702227
89 91 -0.704305
89 117 -0.984777
90 65 -0.562642
90 66 -0.817729
90 87 -0.706718
90 89 -0.702227
90 90 3.68413
90 116 -0.854951
90 117 -0.0376359
91 68 -0.946206
91 89 -0.704305
91 91 3.92916
91 94 -1.12798
91 117 -0.225739
91 119 -0.662858
91 120 -0.260076
92 74 -1.02612
92 92 3.78653
92 93 -0.709359
92 101 -0.65048
92 104 -0.917551
92 121 -0.481655
93 67 -0.599889
93 68 -0.384215
93 74 -0.113478
93 92 -0.709359
93 93 3.53353
93 94 -0.802319
93 121 -0.614166
93 123 -0.307714
94 68 -0.026138
94 91 -1.12798
94 93 -0.802319
94 94 4.08752
94 120 -1.15419
94 123 -0.975493
95 69 -0.378443
95 70 -0.220643
95 95 1.77774
95 96 -0.77724
95 124 -0.39955
96 70 -0.84253
96 71 -0.222188
96 95 -0.77724
96 96 3.68188
96 97 -0.769006
96 124 -0.186444
96 125 -0.8809
97 71 -0.76426
97 72 -0.271715
97 96 -0.769006
97 97 3.66075
97 98 -0.740003
97 125 -0.186477
97 126 -0.925999
98 72 -0.663746
98 79 -0.43954
98 97 -0.740003
98 98 3.6251
98 106 -0.615766
98 126 -0.186507
98 127 -0.976653
99 78 -1.16649
99 79 -0.72878
99 99 3.70927
99 105 -0.251346
99 106 -0.308784
99 128 -0.687529
99 129 -0.563877
100 73 -0.784827
100 76 -1.31718
100 78 -0.024191
100 100 3.96618
100 103 -0.141283
100 105 -0.942362
100 130 -0.75409
101 74 -0.580093
101 75 -0.639783
101 92 -0.65048
101 101 3.53723
101 102 -0.676707
101 104 -0.280009
101 131 -0.708858
102 75 -0.943878
102 77 -0.54004
102 101 -0.676707
102 102 3.62421
102 103 -0.365131
102 131 -0.508859
102 132 -0.587738
103 76 -0.489482
103 77 -0.896713
103 100 -0.141283
103 102 -0.365131
103 103 3.8064
103 130 -1.27414
103 132 -0.637677
104 92 -0.917551
104 101 -0.280009
104 104 3.6537
104 118 -0.613387
104 121 -0.294617
104 131 -0.81024
104 133 -0.736244
105 78 -0.779538
105 99 -0.251346
105 100 -0.942362
105 105 3.75924
105 128 -0.802688
105 130 -0.0683198
105 135 -0.912532
106 79 -0.851809
106 98 -0.615766
106 99 -0.308784
106 106 3.68429
106 127 -0.186534
106 129 -0.684671
106 136 -1.0341
107 80 -0.460448
107 107 1.91111
107 108 -0.956656
107 137 -0.461287
107 138 -0.0308274
108 80 -0.0442421
108 81 -0.922387
108 107 -0.956656
108 108 3.90669
108 109 -0.918035
108 138 -1.00075
108 139 -0.0609761
109 81 -0.0766435
109 83 -1.05278
109 108 -0.918035
109 109 3.93366
109 111 -0.947682
109 139 -0.93568
110 82 -0.0316523
110 84 -0.891852
110 110 3.90107
110 111 -0.913075
110 112 -0.82982
110 141 -0.110396
110 142 -1.12138
111 82 -0.960566
111 83 -0.00713291
111 109 -0.947682
111 110 -0.913075
111 111 3.97649
111 139 -0.00356535
111 140 -1.10995
111 142 -0.030908
112 84 -0.123641
112 85 -1.13721
112 110 -0.82982
112 112 3.89272
112 113 -0.863573
112 141 -0.900907
112 143 -0.0348856
113 85 -0.0621557
113 86 -1.19498
113 112 -0.863573
113 113 3.9644
113 115 -0.844504
113 143 -0.964249
113 144 -0.0325208
114 86 -0.718891
114 88 -0.0616958
114 114 4.09791
114 115 -1.3189
114 116 -1.25693
114 146 -0.739883
115 86 -0.0621502
115 113 -0.844504
115 114 -1.3189
115 115 3.96269
115 144 -0.899127
115 145 -0.742069
115 146 -0.0936938
116 87 -0.168663
116 88 -0.722526
116 90 -0.854951
116 114 -1.25693
116 116 3.89065
116 117 -0.823785
116 146 -0.0617137
117 89 -0.984777
117 90 -0.0376359
117 91 -0.225739
117 116 -0.823785
117 117 3.97762
117 119 -0.13422
117 146 -1.33108
117 147 -0.437693
118 104 -0.613387
118 118 3.7515
118 121 -0.475929
118 122 -1.04181
118 133 -0.605506
118 134 -0.854404
118 148 -0.158489
119 91 -0.662858
119 117 -0.13422
119 119 3.90707
119 120 -0.840711
119 147 -1.10526
119 149 -0.919821
119 150 -0.242296
120 91 -0.260076
120 94 -1.15419
120 119 -0.840711
120 120 3.84598
120 123 -0.240318
120 150 -0.887237
120 151 -0.46199
121 92 -0.481655
121 93 -0.614166
121 104 -0.294617
121 118 -0.475929
121 121 3.57238
121 122 -0.810802
121 123 -0.856074
121 153 -0.036795
122 118 -1.04181
122 121 -0.810802
122 122 4.02851
122 148 -0.053964
122 152 -1.10428
122 153 -1.01595
123 93 -0.307714
123 94 -0.975493
123 120 -0.240318
123 121 -0.856074
123 123 3.70166
123 151 -0.487234
123 153 -0.832998
124 95 -0.39955
124 96 -0.186444
124 124 1.79687
124 125 -0.81283
124 154 -0.396172
125 96 -0.8809
125 97 -0.186477
125 124 -0.81283
125 125 3.70002
125 126 -0.797515
125 154 -0.188982
125 155 -0.82979
126 97 -0.925999
126 98 -0.186507
126 125 -0.797515
126 126 3.7391
126 127 -0.733862
126 155 -0.151822
126 156 -0.940248
127 98 -0.976653
127 106 -0.186534
127 126 -0.733862
127 127 3.70159
127 136 -0.7666
127 156 -0.214203
127 157 -0.820865
128 99 -0.687529
128 105 -0.802688
128 128 3.65592
128 129 -0.617292
128 135 -0.0185245
128 158 -0.668014
128 160 -0.85964
129 99 -0.563877
129 106 -0.684671
129 128 -0.617292
129 129 3.65951
129 136 -0.18656
129 159 -1.09997
129 160 -0.504811
130 100 -0.75409
130 103 -1.27414
130 105 -0.0683198
130 130 3.8578
130 132 -0.260151
130 135 -0.826498
130 161 -0.67245
131 101 -0.708858
131 102 -0.508859
131 104 -0.81024
131 131 3.55337
131 132 -0.445439
131 133 -0.520455
131 162 -0.557732
132 102 -0.587738
132 103 -0.637677
132 130 -0.260151
132 131 -0.445439
132 132 3.57969
132 161 -0.838705
132 162 -0.807823
133 104 -0.736244
133 118 -0.605506
133 131 -0.520455
133 133 3.51238
133 134 -0.64604
133 162 -0.476752
133 163 -0.525613
134 118 -0.854404
134 133 -0.64604
134 134 3.76639
134 148 -0.735744
134 163 -0.695417
134 164 -0.83322
135 105 -0.912532
135 128 -0.0185245
135 130 -0.826498
135 135 4.23556
135 158 -1.72178
135 161 -0.649934
135 166 -0.103988
136 106 -1.0341
136 127 -0.7666
136 129 -0.18656
136 136 3.83511
136 157 -0.0991261
136 159 -0.64967
136 167 -1.09652
137 107 -0.461287
137 137 1.91087
137 138 -0.954456
137 168 -0.462192
137 169 -0.0310345
138 107 -0.0308274
138 108 -1.00075
138 137 -0.954456
138 138 3.94569
138 139 -0.922438
138 169 -1.00258
138 170 -0.0310634
139 108 -0.0609761
139 109 -0.93568
139 111 -0.00356535
139 138 -0.922438
139 139 3.91661
139 140 -0.920468
139 170 -1.03857
139 171 -0.0310903
140 111 -1.10995
140 139 -0.920468
140 140 3.99748
140 142 -0.854957
140 171 -1.07858
140 172 -0.0311152
141 110 -0.110396
141 112 -0.900907
141 141 3.91203
141 142 -0.819201
141 143 -0.873612
141 173 -0.0311595
141 174 -1.17421
142 110 -1.12138
142 111 -0.030908
142 140 -0.854957
142 141 -0.819201
142 142 3.98367
142 172 -1.12344
142 174 -0.0311383
143 112 -0.0348856
143 113 -0.964249
143 141 -0.873612
143 143 3.99318
143 144 -0.854607
143 173 -1.23224
143 175 -0.0311791
144 113 -0.0325208
144 115 -0.899127
144 143 -0.854607
144 144 3.95226
144 145 -0.099936
144 175 -1.29932
144 176 -0.733052
144 177 -0.0311972
145 115 -0.742069
145 144 -0.099936
145 145 4.04993
145 146 -0.914194
145 176 -1.43395
145 178 -0.857987
146 114 -0.739883
146 115 -0.0936938
146 116 -0.0617137
146 117 -1.33108
146 145 -0.914194
146 146 3.97077
146 147 -0.820078
146 178 -0.00776822
147 117 -0.437693
147 119 -1.10526
147 146 -0.820078
147 147 3.90782
147 149 -0.532198
147 178 -0.920455
147 179 -0.0902448
148 118 -0.158489
148 122 -0.053964
148 134 -0.735744
148 148 3.71753
148 152 -1.00463
148 164 -0.747179
148 180 -0.657054
148 182 -0.358103
149 119 -0.919821
149 147 -0.532198
149 149 3.87151
149 150 -0.668444
149 179 -1.21928
149 183 -0.530547
150 119 -0.242296
150 120 -0.887237
150 149 -0.668444
150 150 3.85671
150 151 -1.01982
150 183 -1.03788
151 120 -0.46199
151 123 -0.487234
151 150 -1.01982
151 151 3.73067
151 153 -0.50498
151 183 -0.279931
151 185 -0.915777
151 186 -0.0588648
152 122 -1.10428
152 148 -1.00463
152 152 3.9813
152 153 -0.302077
152 181 -0.863298
152 182 -0.658392
152 187 -0.0466797
153 121 -0.036795
153 122 -1.01595
153 123 -0.832998
153 151 -0.50498
153 152 -0.302077
153 153 3.70238
153 185 -0.699782
153 187 -0.307235
154 124 -0.396172
154 125 -0.188982
154 154 1.79633
154 155 -0.834617
154 188 -0.374701
155 125 -0.82979
155 126 -0.151822
155 154 -0.834617
155 155 3.69291
155 156 -0.799562
155 188 -0.232865
155 189 -0.840743
156 126 -0.940248
156 127 -0.214203
156 155 -0.799562
156 156 3.67464
156 157 -0.775162
156 189 -0.232661
156 190 -0.7096
157 127 -0.820865
157 136 -0.0991261
157 156 -0.775162
157 157 3.65598
157 167 -0.730071
157 190 -0.379988
157 191 -0.847853
158 128 -0.668014
158 135 -1.72178
158 158 4.15724
158 160 -0.37255
158 165 -0.903763
158 166 -0.0267667
158 192 -0.462131
159 129 -1.09997
159 136 -0.64967
159 159 3.7298
159 160 -0.186583
159 167 -0.242654
159 193 -0.813982
159 194 -0.734612
160 128 -0.85964
160 129 -0.504811
160 158 -0.37255
160 159 -0.186583
160 160 3.7332
160 192 -0.631068
160 194 -1.17644
161 130 -0.67245
161 132 -0.838705
161 135 -0.649934
161 161 3.8152
161 162 -0.0643654
161 166 -1.01373
161 195 -0.573954
162 131 -0.557732
162 132 -0.807823
162 133 -0.476752
162 161 -0.0643654
162 162 3.68664
162 163 -0.810405
162 195 -0.967424
163 133 -0.525613
163 134 -0.695417
163 162 -0.810405
163 163 3.65244
163 164 -0.0940298
163 195 -0.0513898
163 197 -0.929225
163 199 -0.543894
164 134 -0.83322
164 148 -0.747179
164 163 -0.0940298
164 164 3.78408
164 180 -0.355628
164 198 -1.046
164 199 -0.706183
165 158 -0.903763
165 165 3.79478
165 166 -0.720362
165 192 -0.848225
165 200 -0.856911
165 201 -0.463905
166 135 -0.103988
166 158 -0.0267667
166 161 -1.01373
166 165 -0.720362
166 166 4.13212
166 195 -1.29081
166 201 -0.974485
167 136 -1.09652
167 157 -0.730071
167 159 -0.242654
167 167 3.68722
167 191 -0.292408
167 193 -0.719157
167 202 -0.603762
168 137 -0.462192
168 168 1.91075
168 169 -0.952379
168 203 -0.463165
168 204 -0.0311085
169 137 -0.0310345
169 138 -1.00258
169 168 -0.952379
169 169 3.9457
169 170 -0.920433
169 204 -1.00456
169 205 -0.0311202
170 138 -0.0310634
170 139 -1.03857
170 169 -0.920433
170 170 3.95248
170 171 -0.887388
170 205 -1.04064
170 206 -0.0311287
171 139 -0.0310903
171 140 -1.07858
171 170 -0.887388
171 171 3.965
171 172 -0.853104
171 206 -1.08076
171 207 -0.0311338
172 140 -0.0311152
172 142 -1.12344
172 171 -0.853104
172 172 3.98461
172 174 -0.817428
172 207 -1.12573
172 208 -0.0311355
173 141 -0.0311595
173 143 -1.23224
173 173 4.08158
173 174 -0.7802
173 175 -0.77254
173 209 -1.26363
174 141 -1.17421
174 142 -0.0311383
174 172 -0.817428
174 173 -0.7802
174 174 4.01311
174 208 -1.17661
174 209 -0.0311337
175 143 -0.0311791
175 144 -1.29932
175 173 -0.77254
175 175 3.87238
175 177 -0.700402
175 209 -0.09395
175 210 -0.820777
175 211 -0.151734
176 144 -0.733052
176 145 -1.43395
176 176 4.22248
176 177 -1.37414
176 178 -0.30893
176 213 -0.37075
177 144 -0.0311972
177 175 -0.700402
177 176 -1.37414
177 177 4.2053
177 211 -1.40555
177 213 -0.692563
178 145 -0.857987
178 146 -0.00776822
178 147 -0.920455
178 176 -0.30893
178 178 3.67716
178 179 -0.71241
178 212 -0.461912
178 213 -0.404995
179 147 -0.0902448
179 149 -1.21928
179 178 -0.71241
179 179 3.93657
179 183 -0.0995747
179 212 -1.08292
179 214 -0.730298
180 148 -0.657054
180 164 -0.355628
180 180 3.57789
180 182 -0.372522
180 196 -0.903793
180 198 -0.673017
180 216 -0.613906
181 152 -0.863298
181 181 4.2486
181 182 -1.14188
181 184 -0.793308
181 187 -1.3389
181 217 -0.110019
182 148 -0.358103
182 152 -0.658392
182 180 -0.372522
182 181 -1.14188
182 182 3.69507
182 216 -0.671744
182 217 -0.490588
183 149 -0.530547
183 150 -1.03788
183 151 -0.279931
183 179 -0.0995747
183 183 3.82839
183 186 -0.939352
183 214 -0.835749
183 218 -0.1034
184 181 -0.793308
184 184 3.81718
184 187 -0.717139
184 217 -0.499346
184 219 -0.821524
184 220 -0.984635
185 151 -0.915777
185 153 -0.699782
185 185 3.83191
185 186 -0.858783
185 187 -1.05198
185 221 -0.303845
186 151 -0.0588648
186 183 -0.939352
186 185 -0.858783
186 186 4.02372
186 218 -1.28975
186 221 -0.875466
187 152 -0.0466797
187 153 -0.307235
187 181 -1.3389
187 184 -0.717139
187 185 -1.05198
187 187 4.02809
187 220 -0.25352
187 221 -0.310172
188 154 -0.374701
188 155 -0.232865
188 188 1.77152
188 189 -0.764176
188 222 -0.397916
189 155 -0.840743
189 156 -0.232661
189 188 -0.764176
189 189 3.67297
189 190 -0.756257
189 222 -0.193415
189 223 -0.882151
190 156 -0.7096
190 157 -0.379988
190 189 -0.756257
190 190 3.60036
190 191 -0.702189
190 223 -0.217
190 224 -0.832078
191 157 -0.847853
191 167 -0.292408
191 190 -0.702189
191 191 3.66213
191 202 -0.774756
191 224 -0.171855
191 225 -0.870028
192 158 -0.462131
192 160 -0.631068
192 165 -0.848225
192 192 3.78546
192 194 -0.186604
192 200 -0.389118
192 227 -1.26647
193 159 -0.813982
193 167 -0.719157
193 193 3.64793
193 194 -0.0447893
193 202 -0.554074
193 226 -0.855328
193 228 -0.658198
194 159 -0.734612
194 160 -1.17644
194 192 -0.186604
194 193 -0.0447893
194 194 4.00246
194 227 -0.558884
194 228 -1.29911
195 161 -0.573954
195 162 -0.967424
195 163 -0.0513898
195 166 -1.29081
195 195 4.0262
195 197 -0.942234
195 201 -0.130044
195 229 -0.0681833
196 180 -0.903793
196 196 3.81971
196 198 -0.141216
196 216 -0.360788
196 230 -0.445211
196 231 -0.959588
196 232 -1.00741
197 163 -0.929225
197 195 -0.942234
197 197 3.97315
197 199 -0.530095
197 229 -1.33527
197 233 -0.234787
198 164 -1.046
198 180 -0.673017
198 196 -0.141216
198 198 3.66712
198 199 -0.461819
198 232 -0.564076
198 234 -0.779347
199 163 -0.543894
199 164 -0.706183
199 197 -0.530095
199 198 -0.461819
199 199 3.55774
199 233 -0.781577
199 234 -0.532286
200 165 -0.856911
200 192 -0.389118
200 200 3.66571
200 201 -0.45045
200 227 -0.249821
200 235 -1.03894
200 236 -0.678672
201 165 -0.463905
201 166 -0.974485
201 195 -0.130044
201 200 -0.45045
201 201 3.6162
201 229 -0.778371
201 236 -0.360982
201 237 -0.455863
202 167 -0.603762
202 191 -0.774756
202 193 -0.554074
202 202 3.70465
202 225 -0.110015
202 226 -0.5369
202 238 -1.12253
203 168 -0.463165
203 203 1.92464
203 204 -0.96574
203 239 -0.47808
203 240 -0.0157286
204 168 -0.0311085
204 169 -1.00456
204 203 -0.96574
204 204 3.95786
204 205 -0.949705
204 240 -0.986625
204 241 -0.0164455
205 169 -0.0311202
205 170 -1.04064
205 204 -0.949705
205 205 3.96057
205 206 -0.93309
205 241 -0.985442
205 242 -0.0171825
206 170 -0.0311287
206 171 -1.08076
206 205 -0.93309
206 206 3.96614
206 207 -0.915761
206 242 -0.984339
206 244 -0.0179405
207 171 -0.0311338
207 172 -1.12573
207 206 -0.915761
207 207 3.97524
207 208 -0.89757
207 243 -0.0187202
207 244 -0.983452
208 172 -0.0311355
208 174 -1.17661
208 207 -0.89757
208 208 3.98878
208 209 -0.878345
208 243 -0.982942
208 246 -0.0195228
209 173 -1.26363
209 174 -0.0311337
209 175 -0.09395
209 208 -0.878345
209 209 3.95904
209 210 -0.781999
209 246 -0.907538
210 175 -0.820777
210 209 -0.781999
210 210 3.90262
210 211 -0.71788
210 245 -1.33378
210 246 -0.103158
210 247 -0.14268
211 175 -0.151734
211 177 -1.40555
211 210 -0.71788
211 211 3.95626
211 213 -0.0642602
211 247 -0.857194
211 248 -0.757534
212 178 -0.461912
212 179 -1.08292
212 212 3.64525
212 213 -0.624185
212 214 -0.355495
212 215 -0.637485
212 249 -0.480922
213 176 -0.37075
213 177 -0.692563
213 178 -0.404995
213 211 -0.0642602
213 212 -0.624185
213 213 3.64639
213 248 -1.06653
213 249 -0.420469
214 179 -0.730298
214 183 -0.835749
214 212 -0.355495
214 214 3.57466
214 215 -0.563484
214 218 -0.654598
214 250 -0.433092
215 212 -0.637485
215 214 -0.563484
215 215 3.53935
215 249 -0.483823
215 250 -0.392318
215 251 -0.641581
215 252 -0.818542
216 180 -0.613906
216 182 -0.671744
216 196 -0.360788
216 216 3.56626
216 217 -0.782111
216 230 -0.395016
216 253 -0.740809
217 181 -0.110019
217 182 -0.490588
217 184 -0.499346
217 216 -0.782111
217 217 3.78363
217 219 -1.19046
217 253 -0.653819
217 254 -0.0554315
218 183 -0.1034
218 186 -1.28975
218 214 -0.654598
218 218 3.97044
218 221 -0.131814
218 250 -1.13507
218 255 -0.654246
219 184 -0.821524
219 217 -1.19046
219 219 4.0743
219 220 -0.00797362
219 254 -1.07792
219 256 -0.975241
220 184 -0.984635
220 187 -0.25352
220 219 -0.00797362
220 220 3.90121
220 221 -0.686525
220 256 -0.955662
220 257 -1.0112
221 185 -0.303845
221 186 -0.875466
221 187 -0.310172
221 218 -0.131814
221 220 -0.686525
221 221 3.60139
221 255 -0.760862
221 257 -0.530502
222 188 -0.397916
222 189 -0.193415
222 222 1.79282
222 223 -0.804283
222 258 -0.395333
223 189 -0.882151
223 190 -0.217
223 222 -0.804283
223 223 3.68196
223 224 -0.790737
223 258 -0.190836
223 259 -0.793428
224 190 -0.832078
224 191 -0.171855
224 223 -0.790737
224 224 3.68669
224 225 -0.773812
224 259 -0.2314
224 260 -0.883604
225 191 -0.870028
225 202 -0.110015
225 224 -0.773812
225 225 3.7546
225 238 -0.751521
225 260 -0.219654
225 261 -1.02669
226 193 -0.855328
226 202 -0.5369
226 226 3.61198
226 228 -0.357247
226 238 -0.258755
226 262 -0.824007
226 263 -0.777287
227 192 -1.26647
227 194 -0.558884
227 200 -0.249821
227 227 3.92496
227 228 -0.177705
227 235 -0.463926
227 264 -1.20645
228 193 -0.658198
228 194 -1.29911
228 226 -0.357247
228 227 -0.177705
228 228 3.77215
228 263 -0.622013
228 264 -0.65571
229 195 -0.0681833
229 197 -1.33527
229 201 -0.778371
229 229 4.09976
229 233 -0.749007
229 237 -1.1288
229 267 -0.0383854
230 196 -0.445211
230 216 -0.395016
230 230 3.72611
230 231 -0.818167
230 253 -0.788912
230 265 -0.101429
230 266 -1.0324
230 268 -0.143054
231 196 -0.959588
231 230 -0.818167
231 231 3.7461
231 232 -0.420886
231 268 -0.751432
231 269 -0.794843
232 196 -1.00741
232 198 -0.564076
232 231 -0.420886
232 232 3.63249
232 234 -0.406267
232 269 -0.451422
232 270 -0.780902
233 197 -0.234787
233 199 -0.781577
233 229 -0.749007
233 233 3.61392
233 234 -0.598958
233 267 -0.869487
233 271 -0.378324
234 198 -0.779347
234 199 -0.532286
234 232 -0.406267
234 233 -0.598958
234 234 3.53348
234 270 -0.416991
234 271 -0.797944
235 200 -1.03894
235 227 -0.463926
235 235 3.70717
235 236 -0.38717
235 264 -0.39288
235 272 -1.00919
235 273 -0.413175
236 200 -0.678672
236 201 -0.360982
236 235 -0.38717
236 236 3.82725
236 237 -1.44057
236 273 -0.534035
236 274 -0.423805
237 201 -0.455863
237 229 -1.1288
237 236 -1.44057
237 237 4.12153
237 267 -0.92149
237 274 -0.17345
238 202 -1.12253
238 225 -0.751521
238 226 -0.258755
238 238 3.76831
238 261 -0.102083
238 262 -0.734587
238 275 -0.796216
239 203 -0.47808
239 239 1.93894
239 240 -0.981485
239 276 -0.47808
240 203 -0.0157286
240 204 -0.986625
240 239 -0.981485
240 240 3.97134
240 241 -0.981372
240 276 -0.0157205
240 277 -0.986633
241 204 -0.0164455
241 205 -0.985442
241 240 -0.981372
241 241 3.96988
241 242 -0.981194
241 277 -0.0164212
241 278 -0.985466
242 205 -0.0171825
242 206 -0.984339
242 241 -0.981194
242 242 3.96839
242 244 -0.980831
242 278 -0.0171422
242 279 -0.984379
243 207 -0.0187202
243 208 -0.982942
243 243 4.02003
243 244 -0.913463
243 246 -0.894267
243 280 -1.20837
244 206 -0.0179405
244 207 -0.983452
244 242 -0.980831
244 243 -0.913463
244 244 3.91348
244 279 -0.0178842
244 280 -0.0666192
244 281 -0.929766
245 210 -1.33378
245 245 4.16965
245 246 -0.77087
245 247 -0.729943
245 282 -1.33377
246 208 -0.0195228
246 209 -0.907538
246 210 -0.103158
246 243 -0.894267
246 245 -0.77087
246 246 3.74452
246 280 -0.103759
246 282 -0.103281
246 283 -0.838804
247 210 -0.14268
247 211 -0.857194
247 245 -0.729943
247 247 3.74338
247 248 -0.0455475
247 282 -0.14254
247 284 -0.894292
247 285 -0.928631
248 211 -0.757534
248 213 -1.06653
248 247 -0.0455475
248 248 4.08058
248 249 -0.86983
248 285 -1.33949
249 212 -0.480922
249 213 -0.420469
249 215 -0.483823
249 248 -0.86983
249 249 3.59524
249 252 -0.552509
249 285 -0.141438
249 286 -0.643601
250 214 -0.433092
250 215 -0.392318
250 218 -1.13507
250 250 4.05273
250 251 -1.3921
250 255 -0.587388
250 288 -0.110991
251 215 -0.641581
251 250 -1.3921
251 251 4.15703
251 252 -0.0955357
251 288 -0.801216
251 289 -1.22532
252 215 -0.818542
252 249 -0.552509
252 251 -0.0955357
252 252 3.76435
252 286 -0.963202
252 287 -0.91069
252 289 -0.422312
253 216 -0.740809
253 217 -0.653819
253 230 -0.788912
253 253 3.57902
253 254 -0.422223
253 265 -0.609215
253 290 -0.362382
254 217 -0.0554315
254 219 -1.07792
254 253 -0.422223
254 254 4.00643
254 256 -0.184422
254 290 -0.857614
254 293 -1.32667
254 294 -0.0803691
255 218 -0.654246
255 221 -0.760862
255 250 -0.587388
255 255 3.59586
255 257 -0.710384
255 288 -0.336028
255 295 -0.544903
256 219 -0.975241
256 220 -0.955662
256 254 -0.184422
256 256 3.81792
256 257 -0.255834
256 294 -1.03405
256 296 -0.41094
257 220 -1.0112
257 221 -0.530502
257 255 -0.710384
257 256 -0.255834
257 257 3.68384
257 295 -0.348827
257 296 -0.825174
258 222 -0.395333
258 223 -0.190836
258 258 1.79541
258 259 -0.834664
258 297 -0.372724
259 223 -0.793428
259 224 -0.2314
259 258 -0.834664
259 259 3.64951
259 260 -0.749861
259 297 -0.234935
259 298 -0.801781
260 224 -0.883604
260 225 -0.219654
260 259 -0.749861
260 260 3.62972
260 261 -0.690058
260 298 -0.298511
260 299 -0.785018
261 225 -1.02669
261 238 -0.102083
261 260 -0.690058
261 261 3.68491
261 275 -0.826383
261 299 -0.399113
261 300 -0.637711
262 226 -0.824007
262 238 -0.734587
262 262 3.82127
262 263 -0.0521012
262 275 -0.271946
262 301 -1.21878
262 302 -0.717496
263 226 -0.777287
263 228 -0.622013
263 262 -0.0521012
263 263 3.83582
263 264 -0.424205
263 302 -1.34514
263 303 -0.612766
264 227 -1.20645
264 228 -0.65571
264 235 -0.39288
264 263 -0.424205
264 264 3.67413
264 272 -0.53871
264 303 -0.454269
265 230 -0.101429
265 253 -0.609215
265 265 4.05806
265 266 -1.24965
265 290 -1.18924
265 291 -0.905293
265 305 -0.00208313
266 230 -1.0324
266 265 -1.24965
266 266 3.96342
266 268 -0.531561
266 305 -0.906793
266 308 -0.241798
267 229 -0.0383854
267 233 -0.869487
267 237 -0.92149
267 267 3.77631
267 271 -0.392389
267 274 -0.541983
267 310 -1.01084
268 230 -0.143054
268 231 -0.751432
268 266 -0.531561
268 268 3.79622
268 269 -0.437248
268 308 -0.636395
268 309 -1.14206
268 311 -0.152707
269 231 -0.794843
269 232 -0.451422
269 268 -0.437248
269 269 3.79098
269 270 -0.585426
269 311 -0.222938
269 312 -1.29765
270 232 -0.780902
270 234 -0.416991
270 269 -0.585426
270 270 3.54859
270 271 -0.622832
270 312 -0.391504
270 313 -0.749425
271 233 -0.378324
271 234 -0.797944
271 267 -0.392389
271 270 -0.622832
271 271 3.55891
271 310 -0.674543
271 313 -0.691204
272 235 -1.00919
272 264 -0.53871
272 272 3.87147
272 273 -0.385365
272 303 -1.17296
272 315 -0.763786
273 235 -0.413175
273 236 -0.534035
273 272 -0.385365
273 273 3.59632
273 274 -0.633294
273 315 -0.986311
273 316 -0.642147
274 236 -0.423805
274 237 -0.17345
274 267 -0.541983
274 273 -0.633294
274 274 3.49783
274 310 -0.585593
274 314 -0.371919
274 316 -0.76558
275 238 -0.796216
275 261 -0.826383
275 262 -0.271946
275 275 3.61763
275 300 -0.337083
275 301 -0.569177
275 317 -0.814267
276 239 -0.47808
276 240 -0.0157205
276 276 1.92465
276 277 -0.965764
276 318 -0.463158
277 240 -0.986633
277 241 -0.0164212
277 276 -0.965764
277 277 3.95788
277 278 -0.949729
277 318 -0.0311168
277 319 -1.00454
278 241 -0.985466
278 242 -0.0171422
278 277 -0.949729
278 278 3.96059
278 279 -0.933113
278 319 -0.0311458
278 320 -1.0406
279 242 -0.984379
279 244 -0.0178842
279 278 -0.933113
279 279 3.96615
279 281 -0.915783
279 320 -0.0311728
279 321 -1.08069
280 243 -1.20837
280 244 -0.0666192
280 246 -0.103759
280 280 3.8995
280 281 -0.859182
280 283 -0.796616
280 323 -0.86223
281 244 -0.929766
281 279 -0.915783
281 280 -0.859182
281 281 3.94903
281 321 -0.0311978
281 322 -1.15482
281 323 -0.0553931
282 245 -1.33377
282 246 -0.103281
282 247 -0.14254
282 282 3.90262
282 283 -0.78202
282 284 -0.717901
282 325 -0.820767
283 246 -0.838804
283 280 -0.796616
283 282 -0.78202
283 283 3.89218
283 323 -0.114769
283 324 -1.26362
283 325 -0.0938324
284 247 -0.894292
284 282 -0.717901
284 284 3.98207
284 285 -0.0219473
284 325 -0.151881
284 326 -1.37683
284 327 -0.817046
285 247 -0.928631
285 248 -1.33949
285 249 -0.141438
285 284 -0.0219473
285 285 3.98613
285 286 -0.0988195
285 327 -0.878993
285 328 -0.574185
286 249 -0.643601
286 252 -0.963202
286 285 -0.0988195
286 286 4.01838
286 287 -0.447809
286 328 -1.40531
286 329 -0.457702
287 252 -0.91069
287 286 -0.447809
287 287 3.90937
287 289 -1.06634
287 329 -0.376198
287 331 -1.10721
288 250 -0.110991
288 251 -0.801216
288 255 -0.336028
288 288 3.59149
288 289 -0.376314
288 295 -0.734074
288 330 -0.476571
288 332 -0.754117
289 251 -1.22532
289 252 -0.422312
289 287 -1.06634
289 288 -0.376314
289 289 3.88982
289 331 -0.282832
289 332 -0.51527
290 253 -0.362382
290 254 -0.857614
290 265 -1.18924
290 290 3.81617
290 291 -0.338349
290 293 -0.0226034
290 333 -0.786864
290 337 -0.257609
291 265 -0.905293
291 290 -0.338349
291 291 3.8889
291 305 -1.24351
291 334 -0.779139
291 336 -0.044148
291 337 -0.577283
292 292 1.9309
292 306 -0.827374
292 307 -0.47485
292 338 -0.425308
292 339 -0.202856
293 254 -1.32667
293 290 -0.0226034
293 293 4.1413
293 294 -0.98464
293 333 -1.04076
293 341 -0.765781
294 254 -0.0803691
294 256 -1.03405
294 293 -0.98464
294 294 4.04379
294 296 -0.149722
294 340 -1.22702
294 341 -0.566616
295 255 -0.544903
295 257 -0.348827
295 288 -0.734074
295 295 3.56314
295 296 -0.460015
295 330 -0.758849
295 342 -0.714418
296 256 -0.41094
296 257 -0.825174
296 294 -0.149722
296 295 -0.460015
296 296 3.56072
296 340 -0.829861
296 342 -0.580703
296 344 -0.30219
297 258 -0.372724
297 259 -0.234935
297 297 1.77063
297 298 -0.76238
297 345 -0.398732
298 259 -0.801781
298 260 -0.298511
298 297 -0.76238
298 298 3.63718
298 299 -0.729157
298 345 -0.199259
298 346 -0.84257
299 260 -0.785018
299 261 -0.399113
299 298 -0.729157
299 299 3.60868
299 300 -0.709708
299 346 -0.178736
299 347 -0.803768
300 261 -0.637711
300 275 -0.337083
300 299 -0.709708
300 300 3.64188
300 317 -0.648042
300 347 -0.254338
300 348 -1.05213
301 262 -1.21878
301 275 -0.569177
301 301 3.7714
301 302 -0.0406441
301 317 -0.584713
301 349 -0.834423
301 350 -0.521348
302 262 -0.717496
302 263 -1.34514
302 301 -0.0406441
302 302 3.90758
302 303 -0.24441
302 349 -0.875953
302 351 -0.681813
303 263 -0.612766
303 264 -0.454269
303 272 -1.17296
303 302 -0.24441
303 303 3.84389
303 315 -0.0512357
303 351 -1.0961
303 352 -0.209855
304 304 4.00134
304 305 -0.880284
304 334 -1.10703
304 335 -0.442816
304 353 -0.327484
304 354 -1.24285
305 265 -0.00208313
305 266 -0.906793
305 291 -1.24351
305 304 -0.880284
305 305 3.8964
305 308 -0.494553
305 334 -0.151321
305 354 -0.216585
306 292 -0.827374
306 306 3.81445
306 307 -0.155174
306 335 -0.127331
306 339 -0.94908
306 353 -1.04426
306 356 -0.710064
307 292 -0.47485
307 306 -0.155174
307 307 1.96606
307 356 -0.909185
307 357 -0.426325
308 266 -0.241798
308 268 -0.636395
308 305 -0.494553
308 308 3.71
308 309 -1.00197
308 354 -0.805506
308 355 -0.433879
308 358 -0.0943873
309 268 -1.14206
309 308 -1.00197
309 309 4.12932
309 311 -0.955211
309 358 -1.02951
310 267 -1.01084
310 271 -0.674543
310 274 -0.585593
310 310 3.65034
310 313 -0.163022
310 314 -0.753278
310 359 -0.461358
311 268 -0.152707
311 269 -0.222938
311 309 -0.955211
311 311 3.95727
311 312 -0.811862
311 358 -0.61058
311 360 -1.20278
312 269 -1.29765
312 270 -0.391504
312 311 -0.811862
312 312 3.82582
312 313 -0.2735
312 360 -0.300786
312 361 -0.749162
313 270 -0.749425
313 271 -0.691204
313 310 -0.163022
313 312 -0.2735
313 313 3.75542
313 359 -0.952399
313 361 -0.924334
314 274 -0.371919
314 310 -0.753278
314 314 3.56973
314 316 -0.377267
314 359 -0.616279
314 362 -0.67882
314 363 -0.770408
315 272 -0.763786
315 273 -0.986311
315 303 -0.0512357
315 315 3.8794
315 316 -0.398387
315 352 -1.20248
315 364 -0.475338
316 273 -0.642147
316 274 -0.76558
316 314 -0.377267
316 315 -0.398387
316 316 3.6361
316 362 -1.03564
316 364 -0.415292
317 275 -0.814267
317 300 -0.648042
317 301 -0.584713
317 317 3.62196
317 348 -0.104568
317 350 -0.658168
317 365 -0.80962
318 276 -0.463158
318 277 -0.0311168
318 318 1.91074
318 319 -0.952371
318 367 -0.462192
319 277 -1.00454
319 278 -0.0311458
319 318 -0.952371
319 319 3.94567
319 320 -0.920409
319 367 -0.0310427
319 368 -1.00257
320 278 -1.0406
320 279 -0.0311728
320 319 -0.920409
320 320 3.95241
320 321 -0.887346
320 368 -0.031089
320 369 -1.03854
321 279 -1.08069
321 281 -0.0311978
321 320 -0.887346
321 321 3.9649
321 322 -0.853043
321 369 -0.0311343
321 370 -1.07854
322 281 -1.15482
322 321 -0.853043
322 322 4.01345
322 323 -0.84877
322 370 -0.031179
322 371 -1.12338
323 280 -0.86223
323 281 -0.0553931
323 283 -0.114769
323 322 -0.84877
323 323 3.86959
323 324 -0.780097
323 371 -0.0312234
323 372 -1.17412
324 283 -1.26362
324 323 -0.780097
324 324 4.08148
324 325 -0.772546
324 372 -0.0312677
324 373 -1.23213
325 282 -0.820767
325 283 -0.0938324
325 284 -0.151881
325 324 -0.772546
325 325 3.87225
325 326 -0.700248
325 373 -0.0313124
325 374 -1.29919
326 284 -1.37683
326 325 -0.700248
326 326 4.19137
326 327 -0.370237
326 374 -0.031358
326 375 -1.40278
326 376 -0.307936
327 284 -0.817046
327 285 -0.878993
327 326 -0.370237
327 327 3.87125
327 328 -0.55419
327 366 -1.1848
327 376 -0.0639022
328 285 -0.574185
328 286 -1.40531
328 327 -0.55419
328 328 3.80793
328 329 -0.437572
328 366 -0.483927
328 377 -0.350865
329 286 -0.457702
329 287 -0.376198
329 328 -0.437572
329 329 3.78683
329 331 -0.504078
329 377 -1.39298
329 378 -0.616557
330 288 -0.476571
330 295 -0.758849
330 330 3.54932
330 332 -0.483275
330 342 -0.41043
330 343 -0.513869
330 379 -0.904742
331 287 -1.10721
331 289 -0.282832
331 329 -0.504078
331 331 3.67431
331 332 -0.515516
331 378 -0.756336
331 380 -0.506674
332 288 -0.754117
332 289 -0.51527
332 330 -0.483275
332 331 -0.515516
332 332 3.50706
332 379 -0.48305
332 380 -0.75409
333 290 -0.786864
333 293 -1.04076
333 333 3.85504
333 337 -0.961333
333 341 -0.450117
333 381 -0.615147
334 291 -0.779139
334 304 -1.10703
334 305 -0.151321
334 334 3.87786
334 335 -0.745879
334 336 -1.00434
334 382 -0.0890798
335 304 -0.442816
335 306 -0.127331
335 334 -0.745879
335 335 3.76654
335 339 -0.999542
335 353 -0.4384
335 382 -1.01131
336 291 -0.044148
336 334 -1.00434
336 336 4.04327
336 337 -1.04791
336 382 -0.778998
336 383 -1.16693
337 290 -0.257609
337 291 -0.577283
337 333 -0.961333
337 336 -1.04791
337 337 3.86953
337 381 -0.91368
337 383 -0.110618
338 292 -0.425308
338 338 1.98857
338 339 -0.932018
338 384 -0.497809
338 385 -0.132903
339 292 -0.202856
339 306 -0.94908
339 335 -0.999542
339 338 -0.932018
339 339 3.8274
339 382 -0.0539489
339 385 -0.68883
340 294 -1.22702
340 296 -0.829861
340 340 3.97682
340 341 -0.120809
340 344 -1.05491
340 387 -0.743181
341 293 -0.765781
341 294 -0.566616
341 333 -0.450117
341 340 -0.120809
341 341 3.57109
341 381 -0.214314
341 386 -0.651769
341 387 -0.8004
342 295 -0.714418
342 296 -0.580703
342 330 -0.41043
342 342 3.62741
342 343 -0.865297
342 344 -0.852852
342 389 -0.201999
343 330 -0.513869
343 342 -0.865297
343 343 3.7305
343 379 -0.514098
343 388 -0.865199
343 389 -0.970774
344 296 -0.30219
344 340 -1.05491
344 342 -0.852852
344 344 3.74258
344 387 -0.201523
344 389 -0.490302
344 390 -0.839258
345 297 -0.398732
345 298 -0.199259
345 345 1.78992
345 346 -0.814524
345 391 -0.37554
346 298 -0.84257
